28 삼각김밥 14 20190417
27 바나나우유 17 20190517
40 레쓰비 28 20190427
31 딸기라떼 26 20200417
19 츄파춥스 24 20190420
7 삼다수 26 20180221
44 육개장 17 20200417
10 커피우유 13 20180125
13 초코우유 10 20190207
37 박카스 2 20200607
34 요구르트 3 20190825
39 참깨라면 8 20200707
22 신라면 21 20190330
29 진라면 2 20180101
33 짜파게티 24 20200202
30 카푸치노 17 20190228
26 연유라떼 1 20181225
9 찰쁘띠 7 20201217
45 아메리카노 5 20210507
8 바나나킥 17 20190605
1 초코파이 12 20190805
41 오예스 9 20200222
35 몽쉘 28 20190705
17 국희땅콩샌드 10 20181101
4 칸쵸 3 20190615
47 빈츠 21 20181201
15 칙촉 3 20190625
6 맛밤 3 20180111
42 메로나 14 20200222
14 오징어집 8 20200812
32 오레오 26 20180419
48 초코송이 30 20200319
12 두유 14 20181220
5 고래밥 8 20191231
50 마가렛 26 20190725
18 빅파이 30 20200926
11 빠다코코넛 13 20190625
2 옥동자 13 20210814
23 카프리썬 19 20200912
43 포카칩 30 20190825
36 허니버터칩 28 20201212
24 꼬깔콘 14 20180819
46 게토레이 17 20190416
20 알새우칩 2 20180515
3 빼빼로 23 20201111
38 쿠쿠다스 22 20190405
49 쿠앤크 30 20191221
25 버터와플 6 20190518
16 맛동산 1 20190301
21 파워에이드 10 20180716
